2490 2500
2 231
2 2160
4 2160
4 1412
772 1412
19 772
19 2320
12 2320
12 2344
215 2344
215 663
663 967
14 967
14 1874
1497 1874
207 1497
207 2041
2041 2254
1716 2254
640 1716
640 770
770 2140
588 2140
588 923
923 1712
1075 1712
636 1075
29 636
29 460
460 911
511 911
33 511
33 1399
1399 2195
1871 2195
514 1871
514 2123
2123 2468
40 2468
40 41
41 231
1010 2256
533 2256
533 1036
1036 1224
1224 2405
696 2405
696 1597
1597 1694
540 1694
540 1147
540 1449
706 1147
706 942
418 942
418 746
619 746
165 619
165 719
60 719
60 704
704 972
972 1984
1054 1984
701 1054
701 1360
1360 1648
698 1648
698 2331
350 2331
350 2039
1668 2039
1065 1668
1065 1985
1628 1985
339 1628
339 1928
78 1928
78 2218
1449 2218
1449 2300
2005 2300
1386 2005
1386 1681
229 1681
283 1418
1418 1860
1518 1860
1465 1518
1465 1502
1502 1890
93 1890
93 94
94 668
668 2094
845 2094
845 1311
908 1311
908 1072
1072 1910
39 1910
39 73
73 354
354 739
739 1111
1111 1939
604 1939
109 604
109 779
89 779
89 938
113 938
113 982
982 1289
641 1289
641 1248
118 1248
118 1806
1790 1806
1790 2447
2108 2447
106 2108
106 2355
915 2355
734 2148
544 734
468 544
468 620
243 620
243 313
313 681
375 681
375 1587
136 1587
136 278
136 2427
278 1592
139 1592
139 1170
139 1679
1170 2348
2095 2348
1642 2095
1642 2247
980 1642
980 1584
146 1584
146 2269
2269 2427
1892 2427
150 1892
150 1679
1679 1697
153 1697
153 1800
860 1800
860 1425
1425 2428
157 1425
157 1206
159 1206
159 1178
1178 2247
323 2247
323 1260
1260 2347
570 2347
570 1052
415 1052
415 2428
1733 2302
294 1733
294 1405
1405 2201
173 1405
173 1190
175 1190
175 1421
1421 1772
1696 1772
1696 2026
180 2026
180 181
181 182
182 1348
1262 1348
1237 1262
226 1237
226 1661
188 1661
188 1693
1693 2104
326 2104
326 2201
2201 2302
1936 2201
1765 1936
202 1765
202 1431
812 1431
198 812
198 808
808 1139
1139 1553
1553 2363
2219 2363
1171 2219
482 1171
482 2034
621 2034
621 1761
217 1761
217 2302
211 1403
163 211
163 573
163 2276
573 1777
573 709
216 573
216 1096
216 820
709 1776
709 1705
1216 2276
1140 2276
1140 1341
1140 1383
424 2276
424 1179
61 1777
61 66
61 235
820 2239
820 1742
1776 2308
225 709
225 242
1162 1216
228 1216
853 1216
232 1140
131 1096
1238 1776
241 1776
1156 1286
115 1156
115 245
245 2147
116 2147
72 116
72 1586
1586 1963
1963 2150
112 2150
112 253
253 1804
1552 1804
256 1552
256 2408
1674 2408
10 1674
10 1301
1301 1902
1426 1902
244 1426
244 1596
565 1596
565 1093
1093 1935
268 1935
268 1441
9 1441
9 2393
959 2393
281 959
62 281
62 1908
1853 1908
277 1853
277 1194
1194 1286
1194 1596
1770 1808
1432 1808
523 1432
523 1527
1527 2488
472 2488
472 1290
1290 1727
843 1727
843 867
867 1069
1069 1174
1174 2144
171 2144
171 2288
296 2288
296 1941
298 1941
298 2071
1633 2071
301 1633
301 340
340 1851
1851 1987
1049 1987
1049 1131
1131 1298
308 1298
87 308
87 1455
1455 1770
311 1646
1646 2264
11 1646
11 778
778 840
316 2264
316 383
316 1197
317 2264
317 757
1792 2264
1792 1869
1792 2481
1792 1961
840 2109
383 749
383 968
383 432
1869 1927
1961 2309
749 1136
432 1964
574 1197
574 1990
441 757
441 991
441 749
1927 2354
858 2481
1306 1961
1608 2109
549 749
944 968
390 432
305 574
305 2264
341 441
345 441
434 1381
816 1381
816 1402
715 1402
715 819
271 819
271 355
355 2486
2240 2486
1138 2240
1138 1264
1264 2156
580 2156
580 1622
1621 1622
1533 1621
1533 2113
756 2113
86 756
86 587
369 587
369 577
577 2049
1973 2049
259 1973
259 520
520 1476
1078 1476
1078 2457
642 2457
379 642
379 1100
502 1100
502 2357
502 819
2137 2357
333 2137
829 2027
653 829
653 852
397 852
397 1129
370 1129
370 1651
1382 1651
1382 1446
254 1446
254 566
566 741
134 741
134 399
399 400
400 1721
1721 2401
726 2401
726 948
405 948
405 1867
1528 1867
349 1528
349 801
798 801
293 798
293 364
364 1079
414 1079
414 506
416 506
416 887
887 1297
419 1297
419 2387
421 2387
421 422
422 423
128 423
128 135
1101 2365
2231 2365
1832 2231
1832 2136
2059 2136
1314 2059
1314 2263
1346 2263
435 1346
435 547
547 1005
1005 1338
1338 1898
1435 1898
1435 1667
425 1667
425 1334
1334 1870
882 1870
7 882
7 1747
263 1747
263 1653
1653 2146
1794 2146
1099 1794
1099 2042
1822 2042
455 1822
455 976
521 976
458 521
458 459
459 1056
1056 1660
105 1660
105 683
105 435
683 1300
127 1300
71 127
71 467
467 625
625 679
470 471
471 2102
37 2102
37 2411
475 2411
475 476
476 1387
876 1387
479 876
479 1764
481 1764
481 780
780 2466
1680 2466
733 1680
733 1757
1757 2352
2352 2382
1492 2382
1492 1931
1931 2217
148 2217
148 2390
1763 2390
1763 1920
1920 2069
1954 2069
1226 1954
813 1226
500 813
500 501
501 1309
504 1567
258 504
258 835
835 2119
530 2119
530 624
530 1914
440 624
440 1619
892 1619
892 2088
2079 2088
1022 2079
1022 1915
517 1915
176 517
176 484
484 1601
572 1601
572 712
712 1797
142 1797
142 771
344 771
344 2001
1047 2001
529 1047
64 529
64 2097
2097 2151
2151 2440
534 2440
534 1207
1207 2198
537 2198
537 1914
1914 2166
1923 2166
1272 1923
1272 2250
55 543
55 2060
55 1406
55 2025
137 543
137 818
137 463
137 2134
1406 2299
818 2490
818 2285
463 1213
463 2419
1993 2060
2012 2025
1213 1722
1996 2134
560 2134
595 1993
1780 1993
357 2299
564 2299
751 2299
597 2012
661 2012
80 2490
569 2490
1783 2285
571 2285
635 1213
2132 2419
1521 2419
1 1205
1 1019
1019 1212
490 1205
490 693
1212 1500
1212 2171
693 737
782 1212
782 2080
586 1500
763 1500
763 1205
551 1500
551 863
496 782
591 782
591 2204
1692 2171
1692 2460
1692 1738
593 2171
593 1907
593 611
2038 2171
111 737
392 586
398 586
598 763
101 496
1032 2080
1859 2080
1903 2080
213 591
213 1738
3 591
68 593
68 1205
1464 2038
1740 2038
1323 2038
1872 2343
261 2343
261 1556
1556 1560
1556 1569
309 1560
309 904
141 904
141 187
124 187
124 567
567 626
626 627
627 1580
119 1580
119 2303
2303 2400
343 2400
343 371
371 634
371 1239
634 2268
634 1067
2194 2268
332 2194
332 2324
1067 2324
1067 2416
1239 2416
1239 1569
1569 1753
1753 1930
775 1930
775 781
781 1872
648 1868
185 648
185 335
335 2091
1588 2091
958 1588
654 958
376 654
376 1097
1097 1302
362 1302
362 659
659 1398
1398 1703
164 1703
164 1447
664 1447
589 664
589 1114
1114 1904
1904 2392
671 2392
671 1095
1095 1901
46 1901
46 103
103 674
613 674
613 1469
1469 2067
2067 2122
1006 2122
1006 1058
1058 1926
1926 2226
1044 2226
1044 2115
761 2115
761 2280
687 2280
687 688
658 688
658 2485
158 2485
158 542
542 2310
1026 2310
695 1026
695 960
960 2122
697 1429
697 1443
1429 1946
1429 2462
1443 2396
1443 2381
1946 2172
1423 2462
1423 2372
272 2462
272 714
272 2018
707 2462
522 2396
522 1815
522 1689
895 2381
895 1730
710 2172
710 1663
776 1423
776 1559
1143 1423
1143 1430
714 725
647 707
1815 2208
1689 2271
447 710
787 2372
461 714
275 2018
609 2018
302 647
125 647
732 1815
1233 1730
736 753
736 1943
428 1943
408 428
408 759
759 1485
1485 1589
831 1589
602 831
602 745
745 950
950 1442
1355 1442
449 1355
449 978
978 2368
1665 2368
1665 2258
487 2258
487 755
755 2425
321 2425
321 1001
743 1001
743 928
446 928
446 1626
1393 1626
457 1393
457 830
557 830
557 1881
63 1881
63 792
792 981
981 1960
227 1960
212 510
212 279
510 1585
75 1585
75 2282
1372 2282
1249 1372
1249 1342
224 1342
224 1082
891 1082
276 891
276 2413
1050 2413
1050 2451
788 2451
788 1590
790 1590
790 791
191 791
191 1303
939 1303
795 939
795 796
525 796
525 1046
1046 1222
800 1222
169 800
132 169
132 838
838 1678
805 1678
361 805
361 1231
199 1231
199 279
811 1236
811 932
932 1979
1873 1979
1098 1873
1030 1098
1030 1736
1602 1736
466 1602
464 466
464 1424
1424 2399
662 2399
662 2476
825 2476
825 1826
827 1826
827 1391
1391 1983
1247 1983
740 1247
740 1081
740 1098
1081 1937
152 1937
152 545
545 1758
717 1758
483 717
267 483
267 1354
841 1354
841 842
842 1475
844 1475
568 844
568 903
767 903
767 971
1041 1976
1041 1371
1976 2009
413 2009
360 413
360 2291
360 1107
1798 2291
1117 1798
1117 1709
384 1709
384 1876
318 1876
318 1400
1400 1834
1750 1834
96 1750
96 2072
1002 2072
1002 1913
769 1913
299 769
299 1470
1357 1470
1107 1357
99 1107
99 2317
494 2317
494 682
448 682
448 1040
1040 1208
884 1208
884 1172
310 1172
310 1371
107 1279
107 1972
1972 2222
1241 2222
1241 2019
2019 2326
585 2326
585 2159
893 2159
893 894
894 1878
1512 1878
897 1512
102 897
102 1899
58 1899
58 684
684 902
23 902
23 1444
905 1444
34 905
34 907
777 907
777 1813
1813 1925
966 1925
966 1900
913 1900
913 936
56 936
56 1991
1620 1991
888 1620
888 2316
920 2316
920 1755
1284 1755
92 924
92 953
924 2121
1451 2121
927 1451
927 2306
1396 2306
1330 1396
1330 1845
1366 1845
933 1366
652 933
652 935
558 935
558 937
937 1754
1415 1754
931 1415
578 931
54 578
54 1427
1427 1474
1428 1474
291 1428
291 947
210 947
210 768
768 1411
1411 1615
952 1615
373 952
373 1060
989 1060
956 989
77 956
77 2213
524 2213
524 614
614 953
1277 2037
964 2037
964 2459
975 2459
975 1959
1319 1959
1319 2004
970 2004
744 970
469 744
469 601
601 2420
1053 2420
723 1053
678 723
678 2161
994 2161
994 1573
1573 1787
433 1787
250 433
250 984
984 985
985 2184
1037 2184
363 1037
363 616
616 1598
910 1598
910 988
988 993
443 993
6 443
6 1437
42 1437
42 1317
999 1317
999 1277
550 921
550 2334
866 921
702 866
630 702
630 851
851 2174
2174 2351
1562 2351
1498 1562
644 1498
644 943
943 2472
1013 2472
1013 1193
381 1193
381 1132
1132 1687
1018 1687
22 1018
22 1825
1825 2135
1888 2135
1888 2367
407 2367
407 1572
1572 1818
918 1818
638 918
473 638
473 650
650 2383
754 2383
754 1541
655 1541
655 1035
1035 1352
307 1352
307 1038
1038 1600
359 1600
359 2409
2131 2409
1594 2131
1594 2334
1045 1351
1045 1048
934 1045
934 1051
934 1605
934 2101
1048 1640
675 1351
675 1076
675 738
623 1351
623 1083
623 1885
623 2015
1640 1743
30 675
30 1068
30 2013
30 1244
738 1071
738 1531
738 1103
2015 2061
722 1051
722 850
864 1605
864 879
864 1015
645 1605
645 783
1610 2101
374 1640
138 1076
1074 1083
1134 1885
660 1885
389 1885
2007 2015
1084 1610
1116 1610
1664 1743
348 1487
348 1089
356 1089
356 834
214 834
214 368
49 368
49 2225
257 2225
162 257
162 1877
1877 2065
2065 2125
1209 2125
1209 1713
1253 1713
20 1253
20 1105
1105 2046
2000 2046
1478 2000
219 1478
219 2190
1445 2190
1445 2089
1992 2089
1710 1992
1710 2262
1269 2262
856 1269
856 1921
861 1921
861 1629
1629 2055
1122 2055
1122 1123
539 1123
539 859
859 1126
1126 1127
1127 2332
716 2332
716 1487
1130 1261
1130 1167
1130 1271
1261 1631
1271 1759
1135 1261
1135 1547
639 1167
639 1109
639 1141
1609 1631
1109 2337
1109 1343
1141 1151
1141 1578
67 639
67 1154
1544 1759
1544 2251
855 1759
855 1158
855 1062
855 2340
1145 1759
1145 1161
1145 1417
1146 1609
1146 1482
1146 1370
52 1547
52 1557
1369 1547
1369 2438
1343 2170
1151 1842
1151 2053
1578 2207
38 67
1219 1544
70 1544
803 1145
527 1146
1168 1369
1263 1369
204 2337
21 2337
431 1578
962 1318
1318 1891
1246 1891
637 1246
637 1704
1704 2315
1185 2315
1185 1392
251 1392
251 883
883 1781
1781 2214
1191 2214
221 1191
221 1014
367 1014
367 774
774 1196
59 1196
59 1658
1658 2487
2441 2487
1152 2441
1152 1202
1202 1203
1203 1322
1322 2206
519 2206
519 833
337 833
337 1978
1978 2138
223 2138
223 1166
1166 1211
1144 1211
535 1144
535 2475
1007 2475
979 1007
1882 2319
1882 1988
351 2319
351 633
633 673
240 673
240 1848
1644 1848
1085 1644
1085 1517
1434 1517
1230 1434
1230 1532
1532 2158
108 2158
108 246
246 1656
27 1656
27 538
160 538
160 881
881 1240
1240 2010
729 2010
729 1456
1456 1565
1245 1565
1181 1245
190 1181
144 190
144 2294
1793 2294
47 1793
47 1189
1189 1988
1506 2267
1506 1634
581 2267
581 1257
906 1257
906 1259
1259 1440
926 1440
926 1604
1023 1604
1023 2051
1094 2051
1094 2255
2056 2255
849 2056
849 1836
670 1836
670 916
518 916
518 1662
618 1662
239 618
239 1463
1463 1510
1510 1895
1802 1895
995 1802
995 1281
1281 1329
1283 1329
1000 1283
1000 1897
174 1897
174 1227
1199 1227
1199 2312
1956 2312
1956 2185
1700 2185
1700 2318
2199 2318
1365 2199
1365 1812
1812 2002
2002 2470
1299 2470
1299 1634
197 436
197 1962
197 2403
436 1975
1837 1962
1307 1962
201 1962
201 248
2252 2403
1310 2403
1310 2074
1310 1965
1593 1975
1593 2075
1466 1837
1466 2454
161 1307
161 961
161 417
248 1326
248 2295
248 1270
1315 2252
1315 1489
562 2252
562 1380
562 1654
18 1310
18 1333
18 590
1321 1466
1321 1827
352 1466
167 562
1861 2074
1336 2074
1242 2074
1957 1965
814 1965
766 2075
450 1321
607 1467
607 1092
338 1467
338 1017
338 909
195 1467
195 1350
195 2116
195 300
1092 2096
1017 1092
909 1358
909 1153
909 2448
300 987
735 1092
748 1092
748 1243
617 1017
617 1998
617 1373
353 1017
353 1375
353 1841
1358 2063
1358 1378
890 1350
940 1350
1274 1350
1364 2116
1295 2116
1551 2096
1786 2096
865 2096
508 735
497 617
900 1379
329 900
329 1969
563 1969
563 1384
366 1384
366 1782
177 1782
177 412
412 2107
453 2107
453 536
536 1866
194 1866
194 1473
1395 1473
1395 2238
992 2238
992 1120
48 1120
48 922
922 1401
922 1408
1401 2216
1966 2216
1389 1966
1388 1389
1388 1880
84 1880
84 1408
1408 1843
1410 1843
1410 2449
804 2449
804 1090
1090 1414
1414 1968
1416 1968
1163 2281
1419 2281
1419 1420
1420 2058
130 2058
130 492
492 1361
156 1361
156 262
262 1331
1331 2203
2203 2223
1385 2223
1385 2078
1113 2078
646 1113
646 727
727 1495
1436 1495
1436 1989
1159 1989
1159 1439
1439 2327
269 2327
269 1805
1225 1805
1225 1540
1540 1690
509 1690
509 1356
1356 1448
629 1448
489 629
218 489
218 1452
1452 1453
1453 1454
1282 1454
1493 1887
233 1493
233 1324
1887 2192
1887 2145
1459 1493
1459 2014
1077 1459
1077 1568
1077 1394
220 1459
220 1091
391 1324
391 1025
391 857
974 2192
974 2003
974 1479
1537 2192
676 2145
676 1164
941 2014
941 1516
941 1773
1708 2014
1708 2394
1568 1599
1394 1491
1394 1632
57 1077
57 1265
57 1027
346 974
1149 1537
1204 1708
265 1708
1488 1568
699 1568
516 2287
516 1460
826 1460
270 826
270 824
824 2261
2167 2261
1503 2167
1028 1503
1028 1906
594 1906
320 594
320 2246
2211 2246
2045 2211
1229 2045
1229 2339
2339 2358
1652 2358
1104 1652
1104 2180
2180 2480
312 2480
85 312
85 2057
1496 2057
1496 1522
1522 1523
1523 2432
222 2432
222 336
336 1087
1024 1087
1024 1529
1529 2361
556 2361
556 1542
1542 2284
1534 2284
1534 1535
1535 1536
1536 2287
1538 1714
178 1538
178 358
358 592
183 592
183 2296
365 2296
365 2293
1546 2293
1546 2452
1353 2452
284 1353
284 1833
1833 2465
2465 2489
553 2489
553 1349
1349 1555
1555 1762
1288 1762
1288 1909
409 1909
273 409
273 789
789 1950
1950 1994
1994 2008
1883 2008
765 1883
503 765
503 1266
1266 2378
1063 2378
189 1063
189 583
583 1234
1234 1335
1335 1603
1875 2431
331 2431
331 615
615 1514
1514 1554
1554 1595
1128 1595
561 1128
561 1951
1691 1951
1691 2406
51 2406
51 290
290 1504
1504 2450
2424 2450
451 2424
451 1554
230 451
230 1582
1582 1670
1670 2077
122 2077
122 2290
1043 2290
1043 1862
28 1862
28 672
672 2021
1702 2021
656 1702
656 665
665 2011
665 2431
1611 2011
1064 1611
1064 2062
2062 2128
1613 2128
898 929
898 1433
1433 1617
1235 1617
1235 1287
442 1235
442 2154
322 2154
322 377
377 1623
513 1623
411 513
411 828
427 828
427 1293
930 1293
930 1630
832 1630
832 1031
5 1031
5 786
786 1635
1505 1635
1505 2370
1638 2370
1638 1639
402 1639
402 1641
1287 1641
1287 2230
477 2230
477 1645
1645 2006
2006 2112
728 2112
728 1649
1649 1650
821 1650
821 1785
347 1564
1564 1655
1655 1829
1655 1657
1829 2093
1657 1838
1659 1829
1659 2274
1659 2029
1659 1893
1184 1829
1184 1524
951 1657
1970 2093
528 2093
528 1938
528 2030
946 2093
946 1362
946 2100
946 1359
2029 2245
1524 1953
1524 1688
1012 1184
498 951
1672 1838
1673 1970
1889 2274
986 2274
274 2274
334 1893
25 1893
1685 1893
1124 1524
121 1012
555 1012
1545 1676
1676 2322
1676 1695
689 1676
689 762
1695 2362
1695 2410
762 1701
762 957
110 2322
110 1574
110 2179
288 762
288 1698
288 1579
288 1061
1701 1711
1701 2279
957 2375
1574 2259
1574 1715
1823 2362
1823 2073
1706 2410
1377 2410
1377 1723
1377 1686
1698 2044
1698 1726
1698 2386
1579 1729
1579 1751
1061 1779
1711 1732
149 2179
1767 2179
1767 2322
1766 2179
1316 1823
100 1823
1519 1706
965 1579
95 1711
282 2279
2052 2279
170 2375
1737 2375
2196 2259
387 1625
387 1741
36 1741
36 889
889 1744
1744 1795
603 1795
603 1325
1325 1748
1748 2191
622 2191
559 622
252 559
172 252
172 328
328 1220
1220 2235
1294 2235
1294 1327
1137 1327
1137 2130
2035 2130
606 2035
74 606
74 1376
1042 1376
1042 1955
1955 2283
1345 2283
1345 1769
1345 1795
1769 2242
2016 2242
1484 2176
1484 1774
1774 1775
314 1775
303 314
303 1480
205 1480
205 1717
1717 2275
2275 2458
1481 2458
1481 1784
485 1784
385 485
385 713
713 1339
1176 1339
758 1176
410 758
410 954
954 2114
1583 2114
295 1583
295 1796
1796 1922
1363 1922
1363 2241
1986 2241
306 1986
306 899
899 1731
764 1731
372 764
372 2389
1807 2389
983 1807
403 983
403 817
612 817
247 612
247 1525
596 1525
596 1413
1413 2176
289 2127
2127 2209
192 2127
192 1820
192 430
2209 2346
1820 2177
430 2177
430 1828
1618 2209
1618 2087
1618 1768
1508 2209
1508 2385
1020 1820
44 1820
44 114
2087 2163
1831 2346
439 2346
439 2349
439 2446
439 1847
1169 2346
1169 1332
133 1020
133 1850
114 325
114 1852
462 2177
462 1471
873 1828
1756 1828
234 1828
474 2087
1509 1768
680 1831
1849 2385
495 1932
495 1803
285 1932
285 1857
1561 1857
1494 1561
1494 2377
730 2377
730 1810
1810 1863
35 1863
35 98
98 2434
330 2434
236 330
236 605
605 1591
1217 1591
1217 1526
465 1526
465 2076
465 2090
872 2076
872 1125
914 1125
193 914
193 1879
193 955
1879 2220
129 2220
129 955
955 2090
1997 2090
43 1997
43 1886
1458 1886
1021 1458
1021 1864
1684 1864
1684 1803
1581 2229
1581 1627
1581 1894
1627 1821
315 1627
315 2092
315 1746
168 1627
168 445
168 1905
168 1312
168 1912
1821 2359
1180 1894
1180 1558
996 1894
996 1034
249 315
249 1912
249 1671
1746 2183
1746 1856
1746 1916
445 1917
445 1918
445 1016
1905 2129
651 1180
651 917
651 2422
1558 2253
1911 2092
1911 2333
1671 1933
1671 1934
395 1312
2106 2359
1250 2359
1924 2359
1011 1558
237 1034
1409 1911
1855 1912
1215 2183
1337 2183
720 2183
206 1039
206 2032
963 2032
963 2341
266 2341
266 718
718 1945
1549 1945
1188 1549
1188 1948
1188 1971
1948 2040
1571 2040
1008 1571
1008 2484
1280 2484
1280 1728
1728 2124
287 2124
31 287
31 1707
807 1707
480 807
480 785
785 793
785 1515
793 822
822 1397
45 1397
45 1515
1515 1945
526 1515
342 526
342 1513
1513 1675
1675 1971
886 1971
582 886
582 1974
1305 1974
143 1305
143 1977
1977 2436
799 2436
388 799
1165 1511
575 1165
575 1982
575 1607
846 1982
750 846
750 2345
88 2345
88 1218
1218 2054
1214 2054
196 1214
196 1268
456 1268
456 1173
396 1173
76 396
76 1791
1791 1835
154 1835
154 1947
1501 1947
90 1501
90 1816
969 1816
969 2273
32 2273
32 1819
1819 2469
794 2469
794 1788
1607 1788
1511 1607
1003 2477
1003 1669
1669 1771
1771 2153
1771 2182
1033 2153
1033 2342
1033 2098
531 2342
123 531
123 2182
2023 2182
117 2023
117 1198
1198 1616
1520 1616
1520 2374
1390 2374
1390 2210
2210 2224
1566 2224
1566 2376
1666 2376
438 1666
438 2036
685 2036
685 880
752 880
752 2414
2098 2414
1636 2098
1636 2043
1725 2043
1273 1725
1255 1273
1255 1682
1682 1789
628 1789
628 2050
691 2050
691 2477
1548 2350
1548 2233
69 2233
69 1267
1267 2020
2020 2313
264 2313
264 1059
1059 1344
862 1344
145 862
145 2064
1070 2064
600 1070
600 677
677 2068
1817 2068
1817 2366
669 2366
126 669
126 1677
126 1548
1210 1677
848 1210
848 1854
554 1854
554 2215
1606 2215
1606 1637
1637 2081
2081 2082
1809 2082
8 1809
8 2085
8 126
2085 2086
1142 2086
1066 1142
488 1066
488 2350
878 2272
878 1462
541 1462
541 1952
1328 1952
1304 1328
147 1304
147 1407
1407 2099
797 2099
797 1088
1088 2412
2103 2412
104 2103
104 2105
104 2099
896 2105
896 1404
1404 2473
875 2473
875 2110
2110 2243
2243 2260
53 2260
53 2139
200 2139
200 429
429 2162
404 2162
404 507
507 2120
507 1404
1102 2467
1102 2024
1102 2152
869 2467
869 1612
2070 2467
1752 2467
452 2024
1612 2415
1967 2070
1967 2227
286 1752
286 1995
286 420
286 1499
255 1752
255 2141
255 1160
255 2143
382 452
382 1195
382 1121
24 1612
24 2149
24 2402
546 1967
546 2152
546 1929
2227 2483
815 1967
802 2415
1115 2415
1347 2415
478 546
426 2227
2155 2227
2157 2429
2429 2442
1683 2442
1683 2298
2117 2298
2017 2117
2017 2164
2164 2165
1073 2165
1073 1320
548 1320
548 2169
1563 2169
584 1563
584 1133
1133 2173
1258 2173
1258 2175
2175 2323
2175 2478
1057 2323
1057 2178
2022 2178
632 2022
26 632
26 2478
871 2478
871 1550
666 1550
666 2186
1438 2186
1438 2188
874 2188
874 2380
1254 2380
1254 1461
997 2193
997 1086
1340 2193
1340 2202
1340 2200
260 997
260 1150
260 1468
260 505
692 997
2200 2297
515 1340
515 1699
532 1086
532 2417
1150 1292
505 1221
512 692
512 1080
1177 2202
1177 2221
1177 2461
1483 2202
454 515
81 1150
949 1468
491 505
499 505
79 512
747 1177
747 997
552 1483
608 1029
1029 2189
280 2189
280 610
610 1643
610 836
1192 1643
1192 2232
1232 2232
1232 2234
901 2234
901 2236
2236 2237
694 2237
694 1539
378 694
120 378
120 1799
1799 2118
912 2118
912 2244
2031 2244
1251 2031
1251 1256
1256 2248
839 2248
166 839
166 1718
1157 1718
1157 1858
1223 1858
1223 1450
186 1450
186 2257
760 2257
760 836
836 1884
1539 1884
1811 1814
1811 2435
1614 1814
1614 2265
1839 2265
1839 2464
1824 2464
1570 1824
1570 1942
140 1942
140 238
238 945
945 2292
2292 2479
2181 2479
2181 2277
2277 2278
1291 2278
686 1291
686 2321
686 1811
847 2321
847 1735
806 1735
297 806
208 297
208 919
810 919
810 2289
2289 2391
854 2391
292 854
292 1187
742 1187
742 1940
1530 1940
1530 2435
657 925
657 1175
1175 2301
65 2301
65 324
324 2304
2304 2305
2197 2305
2197 2307
203 2307
203 1278
1278 1865
1865 2311
2047 2311
2047 2048
2048 2314
773 2314
773 977
977 1958
708 1958
708 1543
1543 2360
643 2360
643 809
809 990
990 1477
1477 2482
2126 2482
579 2126
579 2328
2328 2329
209 2329
209 1724
1724 2133
1896 2133
1296 1896
2142 2335
2142 2187
13 2142
13 2338
2168 2338
1055 2168
1055 2270
1745 2270
1745 2187
380 2187
380 1749
1749 1801
386 1801
386 1110
82 1110
82 2286
1119 2286
868 1119
868 2353
16 2353
16 394
394 2356
1830 2356
1252 1830
1252 2443
998 2443
998 1186
1186 2398
2398 2455
1457 2455
784 1457
97 784
97 1112
1112 1313
1313 2369
2369 2471
2266 2471
711 2266
711 2335
2028 2373
877 2028
406 877
406 2397
1148 2397
1148 1575
1155 1575
1108 1155
1108 2379
1577 2379
1577 2384
2384 2404
870 2404
870 1576
1576 2388
184 2388
184 2463
1840 2463
1647 1840
1647 1980
700 1980
700 2395
1720 2395
444 1720
444 1739
1739 2228
1009 2228
1009 1472
1472 1981
731 1981
731 1422
1118 1422
1118 2373
576 1118
576 2407
401 2407
401 1734
885 1734
486 885
486 2371
2205 2371
1760 2205
1760 2373
1228 1844
1228 1368
17 1844
17 2418
1919 2418
1919 2336
2336 2421
1367 2421
1367 2423
437 2423
437 2330
2330 2426
631 2426
631 1846
304 1846
304 2430
1944 2430
1490 1944
1490 2433
179 2433
179 1275
1275 1507
1507 2437
705 2437
705 2439
91 2439
91 1276
649 1276
649 2084
2084 2456
2445 2456
721 2445
721 1308
1183 1308
1183 1949
724 1949
724 837
667 837
667 2453
1004 2453
1004 1368
2444 2474
83 2474
83 599
327 2474
327 823
50 83
50 493
50 703
50 319
599 1106
599 2033
599 1374
823 1999
493 1285
493 1200
493 2249
703 973
703 1778
319 2364
1106 1182
1106 1719
1106 2083
2033 2325
2033 2066
1374 2111
1999 2212
151 703
15 319
1624 2033
690 1374
393 1999
1486 1999
1201 1285
155 1285
