100 604
17 65
17 45
17 89
17 82
17 22
17 31
17 64
17 75
65 75
65 89
65 82
6 65
6 17
6 22
6 64
6 75
6 31
6 11
6 8
6 45
6 82
6 89
4 6
4 22
4 89
4 8
4 31
4 17
4 65
4 45
4 82
4 75
4 64
4 11
22 45
22 65
22 31
22 75
22 89
22 64
22 82
45 82
45 64
45 89
45 75
45 65
82 89
8 82
8 31
8 75
8 11
8 17
8 89
8 45
8 65
8 22
8 64
31 64
31 65
31 82
31 75
31 89
31 45
64 82
64 89
64 65
64 75
11 64
11 75
11 82
11 65
11 45
11 31
11 89
11 22
11 17
75 89
75 82
3 89
3 17
3 11
3 45
3 8
3 4
3 31
3 75
3 65
3 22
3 6
3 64
3 82
15 23
15 46
15 32
15 93
15 96
15 39
15 19
15 35
23 96
23 32
23 93
23 39
23 46
23 35
5 23
5 9
5 15
5 39
5 93
5 46
5 35
5 96
5 19
5 32
9 19
9 46
9 96
9 32
9 39
9 35
9 93
9 23
9 15
19 32
19 93
19 96
19 35
19 23
19 46
19 39
32 39
32 93
32 46
32 96
32 35
39 96
39 46
39 93
93 96
35 93
35 96
35 39
35 46
2 35
2 46
2 39
2 5
2 32
2 9
2 93
2 23
2 19
2 15
2 96
46 93
46 96
36 94
36 57
36 71
36 70
36 60
36 37
36 74
36 53
12 36
12 60
12 57
12 70
12 20
12 74
12 94
12 71
12 24
12 37
12 33
12 53
12 21
12 34
60 70
60 74
60 94
60 71
53 60
53 74
53 71
53 94
53 57
53 70
74 94
33 74
33 34
33 37
33 60
33 36
33 71
33 53
33 57
33 70
33 94
34 60
34 94
34 57
34 36
34 74
34 70
34 53
34 71
34 37
24 34
24 60
24 36
24 94
24 57
24 71
24 70
24 53
24 33
24 37
24 74
1 24
1 37
1 36
1 53
1 21
1 33
1 34
1 12
1 60
1 74
1 71
1 70
1 20
1 57
1 94
37 71
37 60
37 57
37 70
37 74
37 94
37 53
71 74
71 94
21 71
21 70
21 53
21 36
21 57
21 60
21 74
21 33
21 37
21 24
21 34
21 94
70 94
70 71
70 74
20 70
20 57
20 24
20 60
20 37
20 21
20 33
20 94
20 71
20 53
20 34
20 74
20 36
57 74
57 94
57 71
57 60
57 70
30 56
30 88
30 67
30 87
30 61
30 43
30 97
30 80
30 47
30 44
30 50
56 67
56 88
56 97
56 61
56 87
56 80
18 56
18 97
18 44
18 67
18 47
18 29
18 88
18 61
18 80
18 50
18 87
18 30
18 43
47 97
47 61
47 80
47 50
47 67
47 87
47 56
47 88
61 67
61 87
61 88
61 97
61 80
67 97
67 87
67 80
67 88
50 67
50 88
50 56
50 61
50 87
50 97
50 80
43 50
43 80
43 61
43 88
43 67
43 47
43 97
43 44
43 56
43 87
80 88
80 97
80 87
29 80
29 88
29 56
29 47
29 67
29 87
29 30
29 61
29 44
29 50
29 97
29 43
88 97
7 88
7 44
7 47
7 97
7 87
7 29
7 50
7 18
7 30
7 56
7 67
7 61
7 80
7 43
44 87
44 56
44 88
44 97
44 80
44 50
44 67
44 61
44 47
87 97
87 88
81 83
81 84
52 81
52 84
52 63
52 83
25 52
25 83
25 48
25 38
25 49
25 81
25 63
25 84
83 84
49 83
49 63
49 84
49 52
49 81
63 84
63 81
63 83
10 63
10 38
10 49
10 52
10 84
10 81
10 25
10 83
10 48
38 84
38 52
38 83
38 81
38 48
38 49
38 63
48 84
48 81
48 52
48 49
48 83
48 63
58 69
58 77
58 98
58 79
58 76
58 85
58 66
69 79
69 98
69 85
69 76
69 77
40 58
40 41
40 66
40 76
40 98
40 69
40 85
40 79
40 77
77 79
77 85
77 98
13 69
13 98
13 79
13 85
13 77
13 28
13 66
13 27
13 40
13 41
13 76
13 58
66 69
66 85
66 79
66 98
66 77
66 76
28 40
28 77
28 85
28 66
28 79
28 98
28 41
28 58
28 76
28 69
41 77
41 66
41 58
41 69
41 76
41 85
41 79
41 98
76 77
76 85
76 79
76 98
27 77
27 28
27 40
27 69
27 66
27 98
27 41
27 58
27 85
27 76
27 79
79 98
79 85
85 98
26 92
26 59
26 78
26 86
26 68
14 26
14 68
14 86
14 59
14 78
14 92
59 78
59 68
59 92
59 86
68 92
68 86
68 78
86 92
78 86
78 92
42 55
42 95
42 91
42 100
42 73
42 54
42 72
42 99
42 62
42 90
42 51
55 62
55 99
55 100
55 91
55 95
55 72
55 90
55 73
95 99
95 100
91 100
91 95
91 99
62 73
62 91
62 99
62 100
62 95
62 72
62 90
99 100
51 95
51 100
51 54
51 72
51 62
51 55
51 91
51 99
51 73
51 90
16 95
16 73
16 99
16 90
16 51
16 55
16 62
16 91
16 54
16 72
16 100
16 42
90 95
90 100
90 91
90 99
72 91
72 95
72 99
72 73
72 90
72 100
73 90
73 91
73 100
73 95
73 99
54 62
54 100
54 90
54 55
54 95
54 91
54 72
54 73
54 99
